1.711384468236664541e-02
7.588619869519723157e-03
4.426643885803981451e-03
3.704154772738360579e-03
3.047482935313091529e-03
2.861246957594872770e-03
2.607967531709096121e-03
2.674678803383059508e-03
2.438360804898951836e-03
2.445315759864728419e-03
2.304999938256294123e-03
2.247761897759189068e-03
2.029801019468027365e-03
2.052573214536395838e-03
1.997901895661437222e-03
1.804101289166757174e-03
1.774141151236063516e-03
1.658397879617410850e-03
1.683556394283934610e-03
1.577971711541337196e-03
1.447089526718172911e-03
1.354875203755927238e-03
1.401917191727983236e-03
1.417817248634630281e-03
1.249498306394494773e-03
1.316729478582075868e-03
1.239789212959587286e-03
1.168626982059807473e-03
1.119086718342713477e-03
1.115931968205011518e-03
1.035597550229741190e-03
1.020688902490247962e-03
9.884655694717484065e-04
1.029292812785530947e-03
9.821893861813330712e-04
8.845212357108545725e-04
9.332238223601282967e-04
7.693053500789723970e-04
8.337718908357581032e-04
8.306357231083489473e-04
8.371323185200046230e-04
8.056235728177603417e-04
7.874817506667523143e-04
7.101937925717421995e-04
6.598921687364766447e-04
8.051317183136522115e-04
7.481470019251486303e-04
7.033108293955023238e-04
6.325939651123501511e-04
6.879842984097075259e-04
6.070007205130310834e-04
6.224045518106492703e-04
6.613202572345495966e-04
6.359924929296312951e-04
6.184938902705494623e-04
6.256506374517963737e-04
5.269500528853315185e-04
5.003749289629044750e-04
5.041510559691854410e-04
5.303614719196578925e-04
5.181767343718206992e-04
4.872538240592479142e-04
5.170634745108558528e-04
5.249608108728771871e-04
5.350096693019813776e-04
5.201760364308121581e-04
5.107183256051663761e-04
4.637140464724878036e-04
4.735776710916815568e-04
5.069396882488291095e-04
4.956757255962732783e-04
4.755102435655515769e-04
4.757103551342300313e-04
4.675373824022492630e-04
5.258839562543617119e-04
4.347561696567137091e-04
4.559805267820987718e-04
4.221169901407525321e-04
4.288939922881783440e-04
4.164736553877342040e-04
4.124636918055851059e-04
4.606699838067586372e-04
4.113973738537526209e-04
3.848146092463936019e-04
4.065170500220424005e-04
3.809464994727739667e-04
4.245961409377364826e-04
4.240924456553711586e-04
3.267337315329688074e-04
3.669061401691681157e-04
3.460838398893911760e-04
4.163453058208255175e-04
3.817918884344590619e-04
3.365229789980186265e-04
3.225476012824902289e-04
3.172328408873534289e-04
3.546928996783094840e-04
3.849880527768325539e-04
3.746690925675293798e-04
4.132339048401271336e-04
3.766825351014073398e-04
3.276539528570144438e-04
3.699963993035442628e-04
2.959963071432463594e-04
3.076016181232758828e-04
3.204558957465714064e-04
3.547123274634817608e-04
3.276946581976247774e-04
2.704600260189267413e-04
3.187389304549689828e-04
2.908046497003616282e-04
3.391404847095883662e-04
3.026364199114704029e-04
2.765920836020202556e-04
2.872503272246668127e-04
2.509605302680566197e-04
2.729885238366980271e-04
2.695280857960211107e-04
2.731837631778800263e-04
3.213052574763345520e-04
2.687451422828564251e-04
2.537153573391060651e-04
2.728223421301217977e-04
2.615128002091196557e-04
2.902360875400231133e-04
2.434490014251826373e-04
2.601615200525878718e-04
2.426169820687450879e-04
3.475601337626314097e-04
2.737900177949940950e-04
2.727366264978613869e-04
2.941526710000842704e-04
2.816644508676982572e-04
2.773728959685351630e-04
2.476570511902760618e-04
2.529152420278780317e-04
2.869872289158973550e-04
2.221123934355584417e-04
2.332604808959470866e-04
2.483859902512267764e-04
2.400225790131702008e-04
2.660258782395830829e-04
2.349200602078070632e-04
2.316151838156008808e-04
2.694077338252429121e-04
2.397682788447593610e-04
2.584620956448159534e-04
2.540865647703768881e-04
2.679122313094303015e-04
2.581214041686083482e-04
2.390907700535772895e-04
2.234290899734790031e-04
3.042290726244876314e-04
2.497883750802853270e-04
2.241830962715195968e-04
2.404395265034210000e-04
2.394227712186076246e-04
2.542324898890217788e-04
2.147253304345536629e-04
2.258751867588969231e-04
1.947120722658006453e-04
1.846179797864583305e-04
2.088913111920279869e-04
2.488653469356668507e-04
2.187941803535303070e-04
2.193648923042128274e-04
2.356297341628392494e-04
2.247363536337851353e-04
2.292643095964871924e-04
2.249849921218509408e-04
2.186311537204620875e-04
2.083392865233867075e-04
2.336954489109890204e-04
2.094292234274038739e-04
2.070647430549594353e-04
2.212051779714261507e-04
1.745800161686607288e-04
2.197855094460705178e-04
1.619463384924264143e-04
2.392841151222201146e-04
2.381607616834813257e-04
2.112716066254988201e-04
1.780178406702078581e-04
2.056651911151296391e-04
1.673552169038135945e-04
2.074208550192826322e-04
1.967971799569454699e-04
2.402622690251075138e-04
2.128186387329780022e-04
2.120134718267292079e-04
2.235200958531132626e-04
1.831439799120475331e-04
2.156647896132887765e-04
1.985274003741162308e-04
1.963217095895079811e-04
2.143694002556192912e-04
2.151431078919845141e-04
2.022892978376152756e-04
1.867436131079043549e-04
2.192916045623653776e-04
7.170594183631331248e-03
4.343132637770481808e-03
3.620616342042998204e-03
2.924248587472944375e-03
2.694574191027783797e-03
2.422434285258619896e-03
2.339541432247212518e-03
2.252645013192319801e-03
2.107965651417798014e-03
1.865137808696220451e-03
1.871751525903972771e-03
1.844393835616501068e-03
1.627297797928471332e-03
1.595315442832541397e-03
1.597883447646709226e-03
1.395962801246451723e-03
1.534985911673874409e-03
1.434652478375928950e-03
1.355223819622230347e-03
1.200016746633447706e-03
1.177685491900426137e-03
1.158369180500381374e-03
1.039402416057105469e-03
1.009365883856930268e-03
9.839100084145912389e-04
8.840870240103548827e-04
8.813505994390881393e-04
8.005026779884794053e-04
8.005954183232990434e-04
8.204727974443250249e-04
7.879049815032491966e-04
6.987350041201042389e-04
7.388310627350121867e-04
6.809475839430843142e-04
6.374527176064206241e-04
7.002155571572254295e-04
6.585833109071688451e-04
6.707720399910903353e-04
6.406399874674742478e-04
6.049013068830221690e-04
6.358144188617839698e-04
6.485684850873908031e-04
6.031446546621421073e-04
5.973829357985883937e-04
4.994230457009592172e-04
5.821547008456329220e-04
5.527978683464388615e-04
5.236099130978520699e-04
5.494354701739371377e-04
5.348271169345903547e-04
4.578212269781192084e-04
5.284149288391458421e-04
5.000587606286827080e-04
5.378620141637969337e-04
5.469918602840836974e-04
4.546389332445097131e-04
5.269865395195975216e-04
5.552192778317879829e-04
4.971189811469149678e-04
4.793270597168129699e-04
4.656903846684268267e-04
4.298075079702048940e-04
4.548265185391198173e-04
4.479450437727162948e-04
5.351242322857857614e-04
4.348444935895340313e-04
4.280858963499369063e-04
4.192015338708235395e-04
3.739690631617605815e-04
4.139415709870416377e-04
4.414361602460281642e-04
4.239073113438823759e-04
4.327535600757749512e-04
3.723653977051374214e-04
4.193452917817669379e-04
4.140868683463645727e-04
3.660583107175270634e-04
4.673988357365536916e-04
4.568256641243242239e-04
3.560061846227344923e-04
3.208446081953107709e-04
4.277282080636865547e-04
4.060912596754069626e-04
3.978673049154744790e-04
3.015588982266444867e-04
3.002506321977647941e-04
3.813870305949887407e-04
3.356354147814252786e-04
3.535499617540165812e-04
3.491003444446548476e-04
3.443594924938710167e-04
3.089527214891023277e-04
3.677296734903804515e-04
3.087027465846787361e-04
3.341451809287486474e-04
2.939102086455883112e-04
2.874668159766335940e-04
2.906512551341944306e-04
2.619768283116351293e-04
2.798215571928330814e-04
3.094474971510000755e-04
2.974951204077567329e-04
2.533609844773583586e-04
2.859084366953427297e-04
2.908953787614434322e-04
3.243498587378948472e-04
2.542976239226727581e-04
2.426756783905602288e-04
2.723648620031049461e-04
2.621549743648931424e-04
2.267805896771987739e-04
2.482815072670247619e-04
2.432020054069713999e-04
2.848146582598021226e-04
2.426395272144016985e-04
2.670631534492894088e-04
2.599349777754472735e-04
2.213469455107745787e-04
2.160240759536118799e-04
2.052883432875057118e-04
2.051550839180637381e-04
2.167501262664694311e-04
2.367376410144644838e-04
2.219431440933124222e-04
2.245500755991142183e-04
2.299371432276913624e-04
2.151336501390078981e-04
2.075168140770709824e-04
2.366486047579371976e-04
2.735188334124470655e-04
2.173371340087534853e-04
1.857704505788416310e-04
2.048651355030413346e-04
2.261917589611722734e-04
2.225212865442534327e-04
2.175946539181954076e-04
2.419415050933741013e-04
2.235776072292781219e-04
1.935744822700140311e-04
2.109784948235177843e-04
1.877154375159294925e-04
2.471862716772917079e-04
2.156750233143645695e-04
2.852324866708718515e-04
2.076829952521539596e-04
1.941979603219332051e-04
2.044246999818189608e-04
1.714808900551128418e-04
2.130452415276852529e-04
1.765512809793392396e-04
1.915154635254556065e-04
1.882438090530739322e-04
1.793053269998380606e-04
1.973363771239373260e-04
2.004646824646967584e-04
2.053258011498124147e-04
1.674925443717716067e-04
1.722716181285395554e-04
2.022652673339363216e-04
2.093030244347555274e-04
1.735628320855917700e-04
1.507981764595368174e-04
2.203792207881808546e-04
2.159236017368320465e-04
1.894664981760291883e-04
1.877809687698250157e-04
1.629302920578383496e-04
1.699126412513865536e-04
1.802759048323693269e-04
1.941599744881387923e-04
1.755895690809545356e-04
2.188741515062372217e-04
1.606449005657154677e-04
1.782915450337287794e-04
2.112446263847558847e-04
1.895151304192443237e-04
1.626841325798496218e-04
1.827141767005192874e-04
1.654158659691838673e-04
1.664348642660806038e-04
1.789456758231489780e-04
1.940873717637663781e-04
1.919161816575712387e-04
1.860654751416612740e-04
1.483587650719514484e-04
1.404541547579685190e-04
1.678300773002849855e-04
1.710450654119483049e-04
1.741957350356957562e-04
1.684853385671650911e-04
1.748856343399586566e-04
1.819889143870635773e-04
1.782666926453367606e-04
1.545956692646892339e-04
1.542728883845174287e-04
1.725474796603621019e-04
1.818320462827673761e-04
1.343755847194073871e-04
1.586178744367866544e-04
1.581641936705506513e-04
8.400132185732475665e-03
4.444502203524566472e-03
3.780303002463939258e-03
3.348331535226284697e-03
2.837347922549731533e-03
2.658319454927105668e-03
2.690736972996930418e-03
2.401525546695213245e-03
2.366626199316622381e-03
2.166149100236139727e-03
2.007568126117640142e-03
1.887909397878938245e-03
1.851304572983280411e-03
1.770303147530948376e-03
1.710791107030734670e-03
1.708491170074237162e-03
1.656517433862811708e-03
1.582403387085014670e-03
1.509403012121116050e-03
1.381440416045209840e-03
1.509485108157408023e-03
1.371823754646998850e-03
1.244104964577687905e-03
1.191249165808322061e-03
1.266727063185245708e-03
1.237383679728917135e-03
1.087085397497966621e-03
1.145317763359614965e-03
1.063199303256736478e-03
1.053150819550588077e-03
9.713909649375091632e-04
9.879832690545525126e-04
9.775147069942501099e-04
9.843468920280751960e-04
9.832614872676594120e-04
1.023631306945417541e-03
8.523628969103764358e-04
8.278548476190836919e-04
8.527678135598227432e-04
8.435818414449548774e-04
7.996658536180076271e-04
7.389682523024024979e-04
7.409900552623679970e-04
7.324950207654619405e-04
6.977163033069968406e-04
7.024987819709352377e-04
6.876949287210887274e-04
5.977411508351383740e-04
6.587400932610010251e-04
6.988577044712944442e-04
6.479351431574291442e-04
6.510537921627177621e-04
6.071568479106576738e-04
6.581262308328807847e-04
5.999831912085820673e-04
5.949767197775124306e-04
6.072793658886983109e-04
5.452410321989883957e-04
5.309497405817063809e-04
6.135017197038822312e-04
5.580830527462266738e-04
6.248500683977351033e-04
5.766739392714589907e-04
5.195784271784919389e-04
5.608952206157744036e-04
5.077890882082668894e-04
4.843054546652993120e-04
4.850580599534796977e-04
5.123960092480693562e-04
5.154644407279387192e-04
4.402521174462614012e-04
4.880513982659824557e-04
4.921157026231536696e-04
4.308986878934009668e-04
4.979361560385944102e-04
5.358559385949673848e-04
4.582242101495090369e-04
4.666820854931624102e-04
4.353835188663744693e-04
4.311112840019587500e-04
3.979541152605483439e-04
4.225812212979278976e-04
4.439712957581658237e-04
4.717642150962198661e-04
4.001827420475473351e-04
3.954081528085191810e-04
3.691951744524274437e-04
4.101268645067580876e-04
4.606389714197425822e-04
4.629232638332161920e-04
4.032554930056553300e-04
3.510236398584897638e-04
4.555775782062732038e-04
4.293771780354178891e-04
3.866867737204755101e-04
4.057503006379484245e-04
3.508260515882564989e-04
3.870121129328860793e-04
3.987036545625363693e-04
3.734456554066924866e-04
3.698521679889807401e-04
3.633305411420133940e-04
3.526702591253247365e-04
3.742663683734895330e-04
3.934375651650414557e-04
3.822826265989006517e-04
3.795054716433533121e-04
4.118190988599973457e-04
3.585916674948164823e-04
3.897911234655715429e-04
3.901477167555164605e-04
3.345924935609159712e-04
3.704650545549442731e-04
3.314190741075563607e-04
3.698459659827423029e-04
3.757341017282256335e-04
3.388299958531851980e-04
3.462361737937326434e-04
3.476430271774563763e-04
3.554488855901198618e-04
3.490298124377271688e-04
2.781228466243908237e-04
3.172599999682404470e-04
3.123398339897349302e-04
3.770032152766063238e-04
3.138167004237656099e-04
3.023690048805059705e-04
3.394058255483181630e-04
3.806027164918821676e-04
2.877532955877382809e-04
2.977220059929355789e-04
3.153333284543480275e-04
3.086751232011762658e-04
2.785250622498753464e-04
3.122253930044061043e-04
2.959641694190474903e-04
2.797182329095232456e-04
2.805332868803748353e-04
2.780345094791462912e-04
3.715460227724821929e-04
2.573305548010263594e-04
2.769950828638220730e-04
2.335542591212907970e-04
2.632527636267922855e-04
2.953558645960186607e-04
2.560186986243859902e-04
2.476743946772316796e-04
2.654071944724369081e-04
2.528666693769211077e-04
2.642025410602398539e-04
2.690048726752478081e-04
2.942844955575087823e-04
2.529844237699040849e-04
2.469748680727669454e-04
2.608019078906894522e-04
2.584527422888720227e-04
2.437864034957309273e-04
2.162584133992544871e-04
2.323822684516009540e-04
2.615317192679496305e-04
2.856666237705373507e-04
3.053902318654998921e-04
2.682689370680710339e-04
2.548795470256222384e-04
2.532330658036336529e-04
2.219801978674742354e-04
2.411580477921036053e-04
2.240532593768898573e-04
2.242401627591816826e-04
2.858349859751509181e-04
2.312404213766824229e-04
2.468015070644386660e-04
2.044642254858137359e-04
2.184684897879197313e-04
1.988039494053885081e-04
2.504519412012719271e-04
2.276550562435811914e-04
2.171805053531351837e-04
2.447080910085042832e-04
2.218148489962629144e-04
2.204041617570214051e-04
1.888075998986143283e-04
2.013935744974246905e-04
2.204490883400342383e-04
2.331159230996495552e-04
2.091095871759023755e-04
2.517252031821980152e-04
2.097855497321891166e-04
2.151695045093677400e-04
2.101526580189552046e-04
2.304281716425972404e-04
2.178792326784258215e-04
2.664492497674343652e-04
2.264608283104162928e-04
2.067341641353755144e-04
2.552087806170794809e-04
2.098139967371299985e-04
1.891981084140136743e-04
2.204844131932053031e-04
2.131990595953797002e-04
1.421519265812287020e-02
5.870042256549476770e-03
4.728944009228304435e-03
3.961234110570168582e-03
3.814724615202812544e-03
3.399824934292626846e-03
3.339067952874754178e-03
3.104302579787106969e-03
2.880555795908358238e-03
2.833818247294693504e-03
2.763640180837478172e-03
2.608986979584658819e-03
2.644467952085012563e-03
2.613898116983964098e-03
2.474729861572329270e-03
2.384770977330280539e-03
2.441757493986710173e-03
2.567979096550153037e-03
2.407047716501669460e-03
2.280341277792845983e-03
2.310040108492773109e-03
2.252593866085511251e-03
2.348153826279604159e-03
2.195981147666342323e-03
1.947451988354827884e-03
2.183611203682288282e-03
2.134906208706155439e-03
2.054665146478919929e-03
2.209566632338729603e-03
1.949462176625168380e-03
1.943898009352153927e-03
2.074754089233753901e-03
1.931176650953089768e-03
1.907745721303739581e-03
1.770537857681076313e-03
1.841977287330287885e-03
1.683832845869140046e-03
1.745604405837221026e-03
1.722086222207677014e-03
1.657675456828225369e-03
1.613542941613595183e-03
1.339053810519385754e-03
1.503469095735034816e-03
1.427060666838326705e-03
1.440024310059089332e-03
1.402296588680691791e-03
1.298954631820085567e-03
1.302316430805857544e-03
1.139412145719475786e-03
1.106362589808616501e-03
1.167738286300056341e-03
1.097415330993745455e-03
1.022016237505278188e-03
9.101904894444762251e-04
9.951841567617074336e-04
1.071147502240701876e-03
9.844231410705023971e-04
8.496770588440581695e-04
8.087067623822954965e-04
8.370382355452239687e-04
8.685157797362411114e-04
7.335409679622723750e-04
6.890574688096437472e-04
6.953115976044282887e-04
6.939262685873911346e-04
6.758913064577737329e-04
6.411023220036001641e-04
6.164034736239245443e-04
6.062718872178064072e-04
5.871176396576895107e-04
7.014161379369273502e-04
5.857997392941134696e-04
6.078407124733026939e-04
5.376522466671723732e-04
5.376782595615525739e-04
5.470432150740684590e-04
5.263788441426421605e-04
5.014288850382700446e-04
5.293257257299333746e-04
4.463583866879654999e-04
4.789186584645173383e-04
4.218139459993847790e-04
4.521564044639818369e-04
4.807876191045574316e-04
5.248104494176807078e-04
4.423494266337108655e-04
4.323629644181377352e-04
4.322851238622946873e-04
4.068110615117401241e-04
4.327587972328336696e-04
3.867196913811526277e-04
4.082854911752684113e-04
4.413824979239023422e-04
3.313115227845699062e-04
3.646412575239853932e-04
3.864587433246406689e-04
3.628995483067540273e-04
3.775603602663504810e-04
3.869919160011409814e-04
3.717432357110712210e-04
3.105081080285419792e-04
3.308196083644434488e-04
3.532911837111993997e-04
3.405473154495936017e-04
3.483921723396628256e-04
3.828725415694449186e-04
3.205372942869967601e-04
3.843542480359354863e-04
2.980476645874970826e-04
4.014030557571834218e-04
3.333430619310660120e-04
3.153943242124746665e-04
3.350591798248082204e-04
3.223752296397652817e-04
3.311253140496159958e-04
3.593679526328174417e-04
3.629630441341936964e-04
3.911111134565232322e-04
2.944924027690667273e-04
2.729909420366299910e-04
3.542148469750233675e-04
3.755829862046207446e-04
2.889423443214553938e-04
3.080892915059019882e-04
3.102728037513713399e-04
3.248509673418886745e-04
3.039649141219659401e-04
2.830250190387229720e-04
3.370530863754436085e-04
2.930987189891914174e-04
3.011400046699815036e-04
2.804609888084237668e-04
2.770281094240396175e-04
2.543406450594663804e-04
3.400254612226042555e-04
2.883086154069035290e-04
2.670708294701795021e-04
2.808638632858448392e-04
3.320863897176267593e-04
2.529089823346455240e-04
2.365274648249166695e-04
2.374365617619847435e-04
2.750241881788201975e-04
2.261894171824655603e-04
2.514538839063756165e-04
2.623617018268856876e-04
2.623587972142987779e-04
2.594007861931781761e-04
3.105173972968184454e-04
2.357636819608523171e-04
2.844342580230717343e-04
2.397149311068290378e-04
2.409228867931521162e-04
2.470939287453153416e-04
2.560305005961625857e-04
2.421418815510036071e-04
2.388932773151053457e-04
2.518176696852583024e-04
2.121249481501236850e-04
2.707652579043810792e-04
2.386592245360742021e-04
2.818480502437183816e-04
2.207577801193894712e-04
2.044117082935711927e-04
2.391177380758578719e-04
2.140194606599990501e-04
2.455922012188707648e-04
2.472425609935918062e-04
2.046475441829214564e-04
2.106968213378915961e-04
2.444210979235528214e-04
2.328977101998842836e-04
2.341466428987352966e-04
2.102357218619361340e-04
2.334784635637104921e-04
2.208659399479152852e-04
2.466477562000374962e-04
2.194346636137309292e-04
2.392756253374508230e-04
2.429449098456104572e-04
1.953216256696081732e-04
1.850220661322645593e-04
2.332676206944130776e-04
2.184847154390063412e-04
1.868143394822222719e-04
2.077486968016344082e-04
2.158103302822775293e-04
1.805384267075504229e-04
1.985840337955287888e-04
2.055757220721828038e-04
1.841382472469194759e-04
2.121825954994448898e-04
2.087942943746340374e-04
2.064874905811295291e-04
2.212827251725571487e-04
1.884785137431545243e-04
2.012075231057099123e-04
2.247468844915299913e-04
2.046956230275422811e-04
2.221555195877078503e-04
8.514765673136769075e-03
4.647783925937875801e-03
3.679999587615213202e-03
3.473106947085219387e-03
3.153772711078512911e-03
2.911499445820748058e-03
2.635260511854104620e-03
2.456678443231510856e-03
2.337010927696139134e-03
2.399304984353648612e-03
2.254579198820582872e-03
2.182709356582301571e-03
2.008786978141654730e-03
1.942671532557916150e-03
1.926352382900292301e-03
1.903812440750895368e-03
1.748853023254254291e-03
1.763275402401759395e-03
1.685504514681142318e-03
1.592648190859743268e-03
1.653652890502073369e-03
1.421874870281539596e-03
1.330990636272429486e-03
1.412331298196359275e-03
1.458646167732315091e-03
1.380741106334248264e-03
1.249696846934626390e-03
1.397831326561856102e-03
1.196286226285050991e-03
1.176263215563076378e-03
1.094424927448458401e-03
1.122262785485371797e-03
1.045261962240048512e-03
9.994496758009910331e-04
1.033922737173790379e-03
9.346890720229959065e-04
1.024691736509934087e-03
9.633421453949676111e-04
9.028236846455421627e-04
8.956200140900240358e-04
8.864378599279468945e-04
8.482570307260135778e-04
7.700866326781474064e-04
8.130746514497851768e-04
6.322584217763466130e-04
7.290809268138548349e-04
7.606858777541580796e-04
7.594034752745719430e-04
6.821540384317863193e-04
6.584583845981838157e-04
7.093356231870941164e-04
6.196509181191130894e-04
6.441928571617010213e-04
6.812985781856333717e-04
5.761416128956167032e-04
6.072827379528644015e-04
5.652722496395437557e-04
6.089596992040445522e-04
5.820702054258868746e-04
5.523560407777565462e-04
5.913704649404341596e-04
6.892729188962103126e-04
5.670521989029463777e-04
5.602252462312048292e-04
5.528198052454774691e-04
6.170622268382771475e-04
4.992182070417804790e-04
5.572861608078016893e-04
4.929811139415332666e-04
4.452872680894646301e-04
5.612714831666650028e-04
5.090004740564615243e-04
4.566729922971107802e-04
4.699892881285562540e-04
4.722512147839683094e-04
4.327533818737072657e-04
4.860936450378199741e-04
4.429614291178822494e-04
4.129964248845482272e-04
4.080090825020858680e-04
4.313067667904377928e-04
3.999705450538071361e-04
4.395855407667396964e-04
3.855721925269811612e-04
4.480121354969949371e-04
4.223415451196210063e-04
4.217409026444282616e-04
3.759501930645815782e-04
4.753001272494936091e-04
3.584965924791436859e-04
3.956001324250026790e-04
3.912211796092655847e-04
3.863354311772985300e-04
3.942701328496465984e-04
4.393225318997263235e-04
3.400235591391378293e-04
3.434780394212452737e-04
4.091746794701763001e-04
3.838398432739267840e-04
3.648493100409360562e-04
3.781549559164903984e-04
3.581176350024826982e-04
3.710650754284536973e-04
3.860884149915720653e-04
3.660408345731620827e-04
3.308589240952255345e-04
3.635316477864341395e-04
3.623133130999760254e-04
3.168578905626273645e-04
2.841351812224047341e-04
3.032475633563472273e-04
3.433435386365670666e-04
3.328414897363959207e-04
3.001808255734747521e-04
3.038319449685661366e-04
3.474476541319437839e-04
2.782465931176099361e-04
3.209606274825055339e-04
3.339976687895696711e-04
3.047981242602602892e-04
3.514156281751862343e-04
2.495025687027294103e-04
3.045962814797430196e-04
2.765779198906446329e-04
3.096472810425465738e-04
2.948522032738248172e-04
3.200271503034438081e-04
2.369452413419140258e-04
2.675669360774259736e-04
2.973244507615963039e-04
2.488751736613049187e-04
3.226426154818336223e-04
2.535341591279934720e-04
3.041045558199086812e-04
2.773492453353124804e-04
2.568819255105072447e-04
2.811757614356348578e-04
2.715754626196262289e-04
2.920406986597866295e-04
2.122516558117418239e-04
2.838456256324273924e-04
2.529863067421197348e-04
2.689654093270058000e-04
2.307345612019926634e-04
2.173421522868208833e-04
2.137778516318102756e-04
2.353597196921939499e-04
2.091344845552393916e-04
2.825140066787888010e-04
2.310900385160009202e-04
2.548395327188462262e-04
2.751762471389068015e-04
2.834816263417704735e-04
2.292378372370784678e-04
2.190454210186827677e-04
2.551353269898935794e-04
2.272713953292964523e-04
2.583222242663676949e-04
2.302251961695204324e-04
2.421207170302582673e-04
1.843317431738048656e-04
2.069360482089242781e-04
1.946681353196342418e-04
2.032875843662931142e-04
2.291747426237805696e-04
2.524397893549374522e-04
2.043141741159097691e-04
2.503515274235122018e-04
2.629487770625400095e-04
2.650818940298730469e-04
1.764166599095683824e-04
2.368248080101536396e-04
2.337126530771518884e-04
2.572592582914066256e-04
2.045338998892323734e-04
2.521723413865060298e-04
1.957745457040714621e-04
2.413744526909254728e-04
1.923183596951073826e-04
2.531274864602979513e-04
2.473240170445291375e-04
2.073407371773802049e-04
2.242568870448029966e-04
2.428986497361416974e-04
2.057721433214188683e-04
2.031741296751876646e-04
2.412775435493546422e-04
2.026938431223049286e-04
1.842745523360743432e-04
2.408555547710813927e-04
1.989470195768814481e-04
1.982791538044544055e-04
2.483485169516783109e-04
2.469012000123910894e-04
2.212729908452806121e-04
1.710438425605864676e-04
2.310428047100424043e-04
2.150160304661766220e-04
1.952071132365444661e-04
1.930448654078910364e-04
1.330212555786869366e-02
5.218438062557725216e-03
4.084708660837373800e-03
3.785874684336876933e-03
3.314731795769666756e-03
3.058999914594080771e-03
2.950226335158130653e-03
2.804142966581112811e-03
2.758061000941284396e-03
2.640375800562007672e-03
2.364521479111338781e-03
2.407710433924471413e-03
2.498684652332544900e-03
2.271163262773514407e-03
2.298168386138424793e-03
2.153493881750755123e-03
2.045218525866424747e-03
2.174777425946060674e-03
1.904751270744889716e-03
2.113001521886164261e-03
1.898500643261216009e-03
1.882405178927126777e-03
1.824860756323581218e-03
1.751194559483195204e-03
1.852536705081819432e-03
1.712672365742693228e-03
1.673232096618695874e-03
1.709189983198191112e-03
1.555134830774398610e-03
1.591311009711195157e-03
1.524704581970535988e-03
1.534941219153856257e-03
1.466111333679364498e-03
1.444217140164669178e-03
1.384793366440704651e-03
1.326884837515236379e-03
1.379268425005174617e-03
1.298686196326609768e-03
1.261156186792185274e-03
1.244302225201734946e-03
1.215807134394047279e-03
1.189776181329895571e-03
1.097742650327429570e-03
1.197223169625144523e-03
